PREPRIO 2
0000:    0  400   50   50 2 |  2944  2944   385  2159
0001:    0  300   40   40 5 |  1606  1606   385   921
0002:    1  200   30   50 3 |  1831  1830   312  1318
0003:    1  301   20   10 2 |  2621  2620   158  2161
0004:    9  302   20   20 5 |  1477  1468   296   870
0005:   10  303   15   30 2 |  2664  2654   504  1847
0006:   10  304    5   40 2 |  3443  3433  1955  1174
0007:   11  305   20   40 4 |  2063  2052   593  1154
0008:   20  306   20   10 2 |  2522  2502   114  2082
0009:   50  307   20   10 1 |  3017  2967   144  2516
SUM: 3443 87.95 82.34 2407.60 1620.20 0.290
