PREPRIO 4
0000:    0  400   50   50 2 |  2979  2979   451  2128
0001:    0  300   40   40 4 |  1926  1926   309  1317
0002:    1  200   30   50 2 |  2450  2449   259  1990
0003:    1  301   20   10 4 |  1422  1421   165   955
0004:    9  302   20   20 4 |  1826  1817   368  1147
0005:   10  303   15   30 1 |  3261  3251   617  2331
0006:   10  304    5   40 3 |  2591  2581  1935   342
0007:   11  305   20   40 3 |  2304  2293   526  1462
0008:   20  306   20   10 3 |  2100  2080   188  1586
0009:   50  307   20   10 1 |  3016  2966   166  2493
SUM: 3261 92.85 83.90 2376.30 1575.10 0.307
